
11111
10001
10001
10001
11111
10001
10001
10001

11110
10010
10010
11111
10001
10001
10001
11111

11111
10001
10000
10000
10000
10000
10001
11111

11100
10010
10001
10001
10001
10001
10010
11100

11111
10000
10000
11100
10000
10000
10000
11111

11111
10000
10000
11100
10000
10000
10000
10000

11111
10000
10000
10000
10111
10101
10001
11111

10001
10001
10001
11111
11111
10001
10001
10001

11111
00100
00100
00100
00100
00100
00100
11111

11111
00100
00100
00100
00100
00100
10100
11100

10001
10010
10100
11000
11000
10100
10010
10001

10000
10000
10000
10000
10000
10000
10001
11111

11011
10101
10101
10101
10001
10001
10001
10001

10001
11001
11001
10101
10101
10011
10011
10001

01110
10001
10001
10001
10001
10001
10001
01110

11111
10001
10001
10001
11111
10000
10000
10000

01110
10001
10001
10001
10001
10001
01110
00001

11111
10001
10001
11111
11000
10100
10010
10001

11111
10001
10000
10000
11111
00001
10001
11111

11111
00100
00100
00100
00100
00100
00100
00100

10001
10001
10001
10001
10001
10001
10001
11111

10001
10001
10001
10001
10001
10001
01010
00100

10001
10001
10001
10001
10101
10101
10101
01010

10001
11011
01010
00100
00100
01010
11011
10001

10001
10001
10001
11111
00100
00100
00100
00100

11111
00001
00010
00100
00100
01000
10000
11111

01110
10001
10001
10101
10101
10001
10001
01110

00100
01100
10100
00100
00100
00100
00100
11111

11111
00001
00001
00001
11111
10000
10000
11111

11111
00001
00001
00111
00001
00001
00001
11111

00010
00110
01010
10010
10010
11111
00010
00010

11111
10000
10000
10000
11111
00001
00001
11111

11111
10001
10000
10000
11111
10001
10001
11111

11111
00001
00010
00010
00100
00100
01000
01000

11111
10001
10001
11111
11111
10001
10001
11111

11111
10001
10001
11111
00001
00001
10001
11111

00000
00000
00000
00000
00000
00000
00000
00000

00000
00000
00000
00000
00000
00000
00000
10000

00000
00000
00000
00000
11000
11000
01000
11000

11110
10010
00010
01110
01000
01000
00000
01000

01000
01000
01000
01000
01000
01000
00000
01000
